strain	C57/BL6	129P2	129S1	129S5	A_J	AKR	BALB	C3H	C57BL/6N	CBA	DBA	LP_J	NOD	NZO
C57/BL6	//	4834308/7988547/55434	4640997/8185081/52211	4584157/8253317/40815	4394537/8434304/49448	4432187/8388981/57121	4122283/8713636/42370	4567845/8260165/50279	27268/12825690/25331	4730146/8110668/37475	4651627/8179294/47368	4900510/7928977/48802	4585704/8262065/30520	4718541/8128773/30975
129P2	4834308/7988547/55434	//	740615/12051171/86503	841720/11957831/78738	4802466/7981255/94568	5022278/7756103/99908	4702590/8088738/86961	4974259/7808866/95164	4837612/7965453/75224	5103331/7690685/84273	4917804/7868223/92262	2155289/10635290/87710	5147710/7649875/80704	5375483/7422392/80414
129S1	4640997/8185081/52211	740615/12051171/86503	//	448650/12358603/71036	4596277/8193188/88824	4790902/7990160/97227	4488027/8308784/81478	4630328/8156956/91005	4644927/8160340/73022	4796224/8002196/79869	4764454/8026930/86905	1883759/10912099/82431	4879203/7923286/75800	5165838/7636534/75917
129S5	4584157/8253317/40815	841720/11957831/78738	448650/12358603/71036	//	4604569/8193920/79800	4792146/7997463/88680	4501445/8304414/72430	4653909/8141997/82383	4586463/8229403/62423	4815241/7992544/70504	4792427/8007439/78423	1982726/10820162/75401	4889512/7922770/66007	5157734/7654792/65763
A_J	4394537/8434304/49448	4802466/7981255/94568	4596277/8193188/88824	4604569/8193920/79800	//	3538157/9247082/93050	2360140/10440960/77189	2808322/9982899/87068	4398890/8409369/70030	3350682/9450768/76839	4061723/8732718/83848	4820171/7972720/85398	4056036/8749476/72777	4826174/7979341/72774
AKR	4432187/8388981/57121	5022278/7756103/99908	4790902/7990160/97227	4792146/7997463/88680	3538157/9247082/93050	//	3501221/9289016/88052	3701686/9084248/92355	4437337/8364432/76520	3742728/9052931/82630	4104339/8681450/92500	4792940/7992767/92582	3920374/8877132/80783	4887811/7910876/79602
BALB	4122283/8713636/42370	4702590/8088738/86961	4488027/8308784/81478	4501445/8304414/72430	2360140/10440960/77189	3501221/9289016/88052	//	3165929/9631032/81328	4125415/8690239/62635	3392337/9415506/70446	3967544/8831388/79357	4536857/8260942/80490	4134880/8676862/66547	4890473/7921578/66238
C3H	4567845/8260165/50279	4974259/7808866/95164	4630328/8156956/91005	4653909/8141997/82383	2808322/9982899/87068	3701686/9084248/92355	3165929/9631032/81328	//	4572396/8235131/70762	1653951/11152733/71605	3445844/9346650/85795	4898015/7892541/87733	4432888/8371422/73979	5201478/7602737/74074
C57BL/6N	27268/12825690/25331	4837612/7965453/75224	4644927/8160340/73022	4586463/8229403/62423	4398890/8409369/70030	4437337/8364432/76520	4125415/8690239/62635	4572396/8235131/70762	//	4733314/8086205/58770	4655844/8154239/68206	4903894/7905142/69253	4590940/8234201/53148	4722793/8102554/52942
CBA	4730146/8110668/37475	5103331/7690685/84273	4796224/8002196/79869	4815241/7992544/70504	3350682/9450768/76839	3742728/9052931/82630	3392337/9415506/70446	1653951/11152733/71605	4733314/8086205/58770	//	3401999/9402152/74138	5042437/7759234/76618	4493999/8322176/62114	5352371/7463958/61960
DBA	4651627/8179294/47368	4917804/7868223/92262	4764454/8026930/86905	4792427/8007439/78423	4061723/8732718/83848	4104339/8681450/92500	3967544/8831388/79357	3445844/9346650/85795	4655844/8154239/68206	3401999/9402152/74138	//	4911431/7883215/83643	4610345/8196853/71091	4961144/7845552/71593
LP_J	4900510/7928977/48802	2155289/10635290/87710	1883759/10912099/82431	1982726/10820162/75401	4820171/7972720/85398	4792940/7992767/92582	4536857/8260942/80490	4898015/7892541/87733	4903894/7905142/69253	5042437/7759234/76618	4911431/7883215/83643	//	4945196/7860799/72294	5211631/7594712/71946
NOD	4585704/8262065/30520	5147710/7649875/80704	4879203/7923286/75800	4889512/7922770/66007	4056036/8749476/72777	3920374/8877132/80783	4134880/8676862/66547	4432888/8371422/73979	4590940/8234201/53148	4493999/8322176/62114	4610345/8196853/71091	4945196/7860799/72294	//	5058957/7762977/56355
NZO	4718541/8128773/30975	5375483/7422392/80414	5165838/7636534/75917	5157734/7654792/65763	4826174/7979341/72774	4887811/7910876/79602	4890473/7921578/66238	5201478/7602737/74074	4722793/8102554/52942	5352371/7463958/61960	4961144/7845552/71593	5211631/7594712/71946	5058957/7762977/56355	//
total SNPs investigated: 12878289


strain	C57/BL6	129P2	129S1	129S5	A_J	AKR	BALB	C3H	C57BL/6N	CBA	DBA	LP_J	NOD	NZO
C57/BL6	0	0.37	0.36	0.35	0.34	0.34	0.32	0.35	0	0.36	0.36	0.38	0.35	0.36
129P2	0.37	0	0.05	0.06	0.37	0.39	0.36	0.38	0.37	0.39	0.38	0.16	0.4	0.42
129S1	0.36	0.05	0	0.03	0.35	0.37	0.35	0.36	0.36	0.37	0.37	0.14	0.38	0.4
129S5	0.35	0.06	0.03	0	0.35	0.37	0.35	0.36	0.35	0.37	0.37	0.15	0.38	0.4
A_J	0.34	0.37	0.35	0.35	0	0.27	0.18	0.21	0.34	0.26	0.31	0.37	0.31	0.37
AKR	0.34	0.39	0.37	0.37	0.27	0	0.27	0.28	0.34	0.29	0.32	0.37	0.3	0.38
BALB	0.32	0.36	0.35	0.35	0.18	0.27	0	0.24	0.32	0.26	0.3	0.35	0.32	0.38
C3H	0.35	0.38	0.36	0.36	0.21	0.28	0.24	0	0.35	0.12	0.26	0.38	0.34	0.4
C57BL/6N	0	0.37	0.36	0.35	0.34	0.34	0.32	0.35	0	0.36	0.36	0.38	0.35	0.36
CBA	0.36	0.39	0.37	0.37	0.26	0.29	0.26	0.12	0.36	0	0.26	0.39	0.35	0.41
DBA	0.36	0.38	0.37	0.37	0.31	0.32	0.3	0.26	0.36	0.26	0	0.38	0.35	0.38
LP_J	0.38	0.16	0.14	0.15	0.37	0.37	0.35	0.38	0.38	0.39	0.38	0	0.38	0.4
NOD	0.35	0.4	0.38	0.38	0.31	0.3	0.32	0.34	0.35	0.35	0.35	0.38	0	0.39
NZO	0.36	0.42	0.4	0.4	0.37	0.38	0.38	0.4	0.36	0.41	0.38	0.4	0.39	0
