strain	C57	DBA	A/J	B/B	C3H	AKR	FVB	129S1	NOD	BTBR	NZW	KK
C57	//	1010423/1821791/219349	965200/1925989/160374	886091/1982845/182627	964053/1858862/228648	968282/1889400/193881	935445/1910986/205132	1000420/1829087/222056	980257/1860766/210540	851585/1988038/211940	1090691/1753688/207184	1111740/1733806/206017
DBA	1010423/1821791/219349	//	838347/1856845/356371	788468/1890877/372218	667143/1974834/409586	848253/1817241/386069	892169/1764121/395273	960049/1683110/408404	920639/1731568/399356	940979/1708054/402530	1054653/1599288/397622	1073162/1582726/395675
A/J	965200/1925989/160374	838347/1856845/356371	//	453397/2291596/306570	530611/2162703/358249	689028/2051389/311146	732638/1979863/339062	935552/1757479/358532	807906/1893566/350091	864417/1837251/349895	1050709/1653086/347768	1091041/1611412/349110
B/B	886091/1982845/182627	788468/1890877/372218	453397/2291596/306570	//	590939/2098919/361705	696329/2005431/349803	758243/1935264/358056	896592/1777589/377382	822692/1860191/368680	857511/1825644/368408	1041431/1639655/370477	1086143/1595526/369894
C3H	964053/1858862/228648	667143/1974834/409586	530611/2162703/358249	590939/2098919/361705	//	722735/1945803/383025	794976/1851672/404915	903979/1725300/422284	855792/1790260/405511	895255/1744173/412135	1049389/1596908/405266	1087589/1561149/402825
AKR	968282/1889400/193881	848253/1817241/386069	689028/2051389/311146	696329/2005431/349803	722735/1945803/383025	//	796480/1881493/373590	975730/1683916/391917	779027/1900566/371970	885556/1784298/381709	1033964/1646783/370816	1063487/1617013/371063
FVB	935445/1910986/205132	892169/1764121/395273	732638/1979863/339062	758243/1935264/358056	794976/1851672/404915	796480/1881493/373590	//	927478/1723860/400225	701645/1984303/365615	860766/1801144/389653	1004399/1659130/388034	1015645/1649199/386719
129S1	1000420/1829087/222056	960049/1683110/408404	935552/1757479/358532	896592/1777589/377382	903979/1725300/422284	975730/1683916/391917	927478/1723860/400225	//	967341/1678386/405836	677525/1983274/390764	932032/1741299/378232	1028333/1623771/399459
NOD	980257/1860766/210540	920639/1731568/399356	807906/1893566/350091	822692/1860191/368680	855792/1790260/405511	779027/1900566/371970	701645/1984303/365615	967341/1678386/405836	//	900869/1753671/397023	1023135/1640669/387759	1014556/1650538/386469
BTBR	851585/1988038/211940	940979/1708054/402530	864417/1837251/349895	857511/1825644/368408	895255/1744173/412135	885556/1784298/381709	860766/1801144/389653	677525/1983274/390764	900869/1753671/397023	//	1007533/1652979/391051	1000461/1676772/374330
NZW	1090691/1753688/207184	1054653/1599288/397622	1050709/1653086/347768	1041431/1639655/370477	1049389/1596908/405266	1033964/1646783/370816	1004399/1659130/388034	932032/1741299/378232	1023135/1640669/387759	1007533/1652979/391051	//	1012749/1662234/376580
KK	1111740/1733806/206017	1073162/1582726/395675	1091041/1611412/349110	1086143/1595526/369894	1087589/1561149/402825	1063487/1617013/371063	1015645/1649199/386719	1028333/1623771/399459	1014556/1650538/386469	1000461/1676772/374330	1012749/1662234/376580	//
total SNPs investigated: 3051563


strain	C57	DBA	A/J	B/B	C3H	AKR	FVB	129S1	NOD	BTBR	NZW	KK
C57	0	0.35	0.33	0.3	0.34	0.33	0.32	0.35	0.34	0.29	0.38	0.39
DBA	0.35	0	0.31	0.29	0.25	0.31	0.33	0.36	0.34	0.35	0.39	0.4
A/J	0.33	0.31	0	0.16	0.19	0.25	0.27	0.34	0.29	0.31	0.38	0.4
B/B	0.3	0.29	0.16	0	0.21	0.25	0.28	0.33	0.3	0.31	0.38	0.4
C3H	0.34	0.25	0.19	0.21	0	0.27	0.3	0.34	0.32	0.33	0.39	0.41
AKR	0.33	0.31	0.25	0.25	0.27	0	0.29	0.36	0.29	0.33	0.38	0.39
FVB	0.32	0.33	0.27	0.28	0.3	0.29	0	0.34	0.26	0.32	0.37	0.38
129S1	0.35	0.36	0.34	0.33	0.34	0.36	0.34	0	0.36	0.25	0.34	0.38
NOD	0.34	0.34	0.29	0.3	0.32	0.29	0.26	0.36	0	0.33	0.38	0.38
BTBR	0.29	0.35	0.31	0.31	0.33	0.33	0.32	0.25	0.33	0	0.37	0.37
NZW	0.38	0.39	0.38	0.38	0.39	0.38	0.37	0.34	0.38	0.37	0	0.37
KK	0.39	0.4	0.4	0.4	0.41	0.39	0.38	0.38	0.38	0.37	0.37	0
