strain	C57/BL6	129S1/SvImJ	A/J	AKR/J	C3H/HeJ	DBA/2J	NOD/ShiLtJ	129P2	129S5	BALB/cJ	C57BL/6NJ	CBA/J	LP/J	NZO/HiLtJ	BALB/cByJ	FVB/NJ	BTBR_T+_tf/J	NZW/LacJ	KK/HlJ
C57/BL6	1	0.571877719492217	0.590443828485971	0.588245798327055	0.577402035752564	0.571287568991885	0.578206251439055	0.562689651824078	0.575338256096996	0.620900853980325	0.999904737314063	0.574525580789746	0.561505672727433	0.606066725074831	0.62334807514203	0.632266170565081	0.649609496549578	0.581837635602204	0.607607295576942
129S1/SvImJ	0.571877719492217	0.994862435532173	0.593172056180709	0.572182265839536	0.595610082102458	0.57919069382867	0.573505276964306	0.961523070121429	0.985777722361132	0.602344675845723	0.571887466446569	0.590007974112089	0.862855754638631	0.593370489458945	0.590660468339318	0.607011995742236	0.689261761999236	0.607126752336878	0.606546716600498
A/J	0.590443828485971	0.593172056180709	0.996287881630044	0.692560278476003	0.763387349850927	0.637272243101547	0.647454132304055	0.583894426875406	0.594823337371883	0.798645394030744	0.590449529534743	0.718833469790694	0.582257490258563	0.607794878472031	0.765612046205713	0.686413260565882	0.621519693629317	0.573284959014976	0.58796074588844
AKR/J	0.588245798327055	0.572182265839536	0.692560278476003	0.995994001761072	0.675573543896972	0.632912044219541	0.66031312366715	0.558339199896425	0.574210919678476	0.690965456058155	0.588230534228729	0.682416273662111	0.582673482914141	0.608016115945355	0.668461025791545	0.662429684000062	0.607878187346026	0.576513775572882	0.598084153364833
C3H/HeJ	0.577402035752564	0.595610082102458	0.763387349850927	0.675573543896972	0.995423896883843	0.703502246213216	0.617522522820746	0.571978131512529	0.59631737995982	0.726782938636854	0.577414909088502	0.877679217065777	0.581209600713256	0.578944997017064	0.705028656045797	0.653462669900449	0.596480503516628	0.560525827957796	0.579028489795858
DBA/2J	0.571287568991885	0.57919069382867	0.637272243101547	0.632912044219541	0.703502246213216	0.996759413534952	0.59643894103203	0.574982400310726	0.579850544247862	0.650964323204593	0.571298051565434	0.72304139549904	0.577972140629793	0.596429561887275	0.634528935213282	0.622776315121609	0.588532138099263	0.566326001416803	0.593481200148007
NOD/ShiLtJ	0.578206251439055	0.573505276964306	0.647454132304055	0.66031312366715	0.617522522820746	0.59643894103203	0.995147120161189	0.558285131885488	0.57470783044566	0.639087935183121	0.578195401055908	0.620906371124298	0.576777127245202	0.596050166286719	0.621278778342488	0.693991793432245	0.599634286916498	0.578004140064837	0.612845823779479
129P2	0.562689651824078	0.961523070121429	0.583894426875406	0.558339199896425	0.571978131512529	0.574982400310726	0.558285131885488	0.999675775839176	0.96101880316228	0.592282876477031	0.56269332992006	0.570115543707182	0.846446481128793	0.583847715056433	0.579247704316393	0.59508926371139	0.672314750856812	0.611244196884064	0.606351041894249
129S5	0.575338256096996	0.985777722361132	0.594823337371883	0.574210919678476	0.59631737995982	0.579850544247862	0.57470783044566	0.96101880316228	0.999612512588284	0.603718444695045	0.575352416766527	0.591220274547796	0.861470215882166	0.59430343850481	0.590252383590101	0.607923795736204	0.688421317067322	0.604260228233212	0.605949761622599
BALB/cJ	0.620900853980325	0.602344675845723	0.798645394030744	0.690965456058155	0.726782938636854	0.650964323204593	0.639087935183121	0.592282876477031	0.603718444695045	0.999659040502457	0.62091630198345	0.714283113346413	0.609811762403827	0.604511258283992	0.938826091530154	0.675364444140389	0.620273738615373	0.570592592756064	0.586685733916238
C57BL/6NJ	0.999904737314063	0.571887466446569	0.590449529534743	0.588230534228729	0.577414909088502	0.571298051565434	0.578195401055908	0.56269332992006	0.575352416766527	0.62091630198345	0.999926438080358	0.574532201362514	0.561518546063371	0.606076472029183	0.623356350857989	0.632267641803474	0.649603059881609	0.581839658554994	0.607606559957746
CBA/J	0.574525580789746	0.590007974112089	0.718833469790694	0.682416273662111	0.877679217065777	0.72304139549904	0.620906371124298	0.570115543707182	0.591220274547796	0.714283113346413	0.574532201362514	0.99972230375335	0.578683300487936	0.577315600496984	0.691766361458262	0.651267766123118	0.597033873057138	0.567121757482535	0.575067732137511
LP/J	0.561505672727433	0.862855754638631	0.582257490258563	0.582673482914141	0.581209600713256	0.577972140629793	0.576777127245202	0.846446481128793	0.861470215882166	0.609811762403827	0.561518546063371	0.578683300487936	0.99965223602489	0.592093638438751	0.594379207282042	0.599862328867389	0.743130052324593	0.590930624489204	0.607695569880513
NZO/HiLtJ	0.606066725074831	0.593370489458945	0.607794878472031	0.608016115945355	0.578944997017064	0.596429561887275	0.596050166286719	0.583847715056433	0.59430343850481	0.604511258283992	0.606076472029183	0.577315600496984	0.592093638438751	0.999694350223886	0.592499516330378	0.629715043191881	0.602740622878198	0.723455549106627	0.63937409105053
BALB/cByJ	0.62334807514203	0.590660468339318	0.765612046205713	0.668461025791545	0.705028656045797	0.634528935213282	0.621278778342488	0.579247704316393	0.590252383590101	0.938826091530154	0.623356350857989	0.691766361458262	0.594379207282042	0.592499516330378	0.946342648479218	0.670228902625351	0.619743357174751	0.572763037195113	0.587208575260097
FVB/NJ	0.632266170565081	0.607011995742236	0.686413260565882	0.662429684000062	0.653462669900449	0.622776315121609	0.693991793432245	0.59508926371139	0.607923795736204	0.675364444140389	0.632267641803474	0.651267766123118	0.599862328867389	0.629715043191881	0.670228902625351	0.942594484768637	0.640636045781996	0.607473596787992	0.631175063391984
BTBR_T+_tf/J	0.649609496549578	0.689261761999236	0.621519693629317	0.607878187346026	0.596480503516628	0.588532138099263	0.599634286916498	0.672314750856812	0.688421317067322	0.620273738615373	0.649603059881609	0.597033873057138	0.743130052324593	0.602740622878198	0.619743357174751	0.640636045781996	0.944121262410815	0.594179486670212	0.626835645752277
NZW/LacJ	0.581837635602204	0.607126752336878	0.573284959014976	0.576513775572882	0.560525827957796	0.566326001416803	0.578004140064837	0.611244196884064	0.604260228233212	0.570592592756064	0.581839658554994	0.567121757482535	0.590930624489204	0.723455549106627	0.572763037195113	0.607473596787992	0.594179486670212	0.945553512986253	0.637083372872865
KK/HlJ	0.607607295576942	0.606546716600498	0.58796074588844	0.598084153364833	0.579028489795858	0.593481200148007	0.612845823779479	0.606351041894249	0.605949761622599	0.586685733916238	0.607606559957746	0.575067732137511	0.607695569880513	0.63937409105053	0.587208575260097	0.631175063391984	0.626835645752277	0.637083372872865	0.944902673902217
